0 0.029594 0.056317 0.059188 0.032370
1 0.054687 0.059518 0.059188 0.032370
2 0.087999 0.060094 0.059188 0.032370
3 0.139389 0.061512 0.059188 0.032370
4 0.190641 0.058591 0.059188 0.032370
5 0.235842 0.057290 0.059188 0.032370
6 0.274313 0.059145 0.059188 0.032370
7 0.315477 0.055094 0.059188 0.032370
8 0.036139 0.105370 0.028906 0.034682
9 0.053868 0.106923 0.028906 0.034682
10 0.068720 0.108720 0.028906 0.034682
11 0.261758 0.113992 0.066070 0.036994
12 0.496573 0.106726 0.066070 0.036994
13 0.135751 0.106264 0.028906 0.034682
14 0.105002 0.113081 0.028906 0.034682
15 0.125609 0.106037 0.066070 0.036994
16 0.034533 0.110483 0.028906 0.034682
17 0.044735 0.149476 0.089470 0.039306
18 0.138440 0.154638 0.089470 0.039306
19 0.123882 0.226764 0.247763 0.254335
20 0.069063 0.966653 0.059188 0.032370