0 0.059722 0.102705 0.119444 0.058333
1 0.113089 0.098906 0.119444 0.058333
2 0.177819 0.098758 0.119444 0.058333
3 0.279992 0.099674 0.119444 0.058333
4 0.387532 0.101092 0.119444 0.058333
5 0.469120 0.110643 0.119444 0.058333
6 0.554435 0.104055 0.119444 0.058333
7 0.638131 0.099887 0.119444 0.058333
8 0.070217 0.192123 0.058333 0.062500
9 0.099277 0.195546 0.058333 0.062500
10 0.137050 0.198508 0.058333 0.062500
11 0.527101 0.201989 0.133333 0.066667
12 0.933333 0.193654 0.133333 0.066667
13 0.282812 0.195260 0.058333 0.062500
14 0.205390 0.194747 0.058333 0.062500
15 0.247951 0.205411 0.133333 0.066667
16 0.069531 0.189889 0.058333 0.062500
17 0.090278 0.271208 0.180556 0.070833
18 0.277738 0.274822 0.180556 0.070833
19 0.250000 0.412272 0.500000 0.458333
20 0.135420 0.940596 0.119444 0.058333