0 0.029861 0.061090 0.059722 0.032864
1 0.056820 0.056571 0.059722 0.032864
2 0.091860 0.063104 0.059722 0.032864
3 0.138316 0.058261 0.059722 0.032864
4 0.191808 0.055454 0.059722 0.032864
5 0.234346 0.055727 0.059722 0.032864
6 0.277058 0.059343 0.059722 0.032864
7 0.319290 0.057040 0.059722 0.032864
8 0.031958 0.106981 0.029167 0.035211
9 0.052769 0.112243 0.029167 0.035211
10 0.069490 0.113865 0.029167 0.035211
11 0.262115 0.114639 0.066667 0.037559
12 0.499104 0.110973 0.066667 0.037559
13 0.139494 0.111015 0.029167 0.035211
14 0.101456 0.115708 0.029167 0.035211
15 0.126614 0.112914 0.066667 0.037559
16 0.034475 0.115354 0.029167 0.035211
17 0.045139 0.153439 0.090278 0.039906
18 0.139932 0.151899 0.090278 0.039906
19 0.125000 0.232667 0.250000 0.258216
20 0.071397 0.962733 0.059722 0.032864