0 0.219388 0.272788 0.438776 0.152174
1 0.391011 0.286430 0.438776 0.152174
2 0.664882 0.269801 0.438776 0.152174
3 0.780612 0.288482 0.438776 0.152174
4 0.780612 0.272779 0.438776 0.152174
5 0.780612 0.265083 0.438776 0.152174
6 0.780612 0.254305 0.438776 0.152174
7 0.780612 0.269727 0.438776 0.152174
8 0.243904 0.524339 0.214286 0.163043
9 0.396791 0.522155 0.214286 0.163043
10 0.520160 0.509942 0.214286 0.163043
11 0.755102 0.494779 0.489796 0.173913
12 0.755102 0.532544 0.489796 0.173913
13 0.892857 0.531333 0.214286 0.163043
14 0.768953 0.506742 0.214286 0.163043
15 0.755102 0.504422 0.489796 0.173913
16 0.255224 0.501490 0.214286 0.163043
17 0.331633 0.701936 0.663265 0.184783
18 0.668367 0.713506 0.663265 0.184783
19 0.918367 0.597826 1.000000 1.000000
20 0.493883 0.836327 0.438776 0.152174